Hastings/FireStation 2017 1.6 0.6 7.3 709.3 920.5 696.8 345.0 0.4 0.4 220.0 7.3 1.3 0.0 0.0
Henderson 2017 2.3 2.3 8.5 601.0 812.4 473.6 315.0 0.4 0.0 235.0 6.8 1.8 0.0 0.0
SmithPark 2017 0.0 0.0 13.0 110.3 133.9 64.5 24.4 0.0 0.2 40.0 6.9 0.3 0.0 0.0 (No data available for turbidity or flow rate)-> 
LaneRoad 2017 1.8 1.0 7.8 793.3 999.5 426.0 198.8 0.4 0.1 217.5 8.2 0.5 0.0 18.8
Hastings/FireStation 2016 2.0 1.0 12.2 224.5 319.0 151.0 95.0 0.3 0.3 70.0 7.2 1.3 0.0 2.5
LaneRoad 2016 2.5 0.6 18.3 467.2 516.2 359.0 74.7 0.5 0.6 132.3 7.8 0.1 0.0 3.1
SmithPark 2016 1.0 1.9 17.8 1050.6 1425.9 500.8 360.6 0.5 0.4 240.0 8.4 2.0 0.0 4.4
Henderson 2016 2.0 0.5 20.1 700.0 1018.5 605.5 25.0 0.8 0.8 240.0 8.4 1.3 0.0 12.5
Hastings/FireStation 2016 1.0 0.0 15.25 892.5 1100.0 677.5 212.5 0.5 0.5 190.0 8.4 0.25 0.0 5.0
OhioHealth 2015 2.0 1.0 22.1 1010.5 1452.3 790.3 225.0 0.5 0.5 200.0 7.9 0.4 0.0 30.0
LaneRoad 2015 1.5 1.3 14.7 300.0 401.5 217.5 136.5 0.5 0.3 90.0 7.0 2.0 0.0 8.8
Henderson 2015 1.7 1.0 16.5 594.6 830.4 442.7 192.7 0.4 0.3 136.7 7.4 1.0 0.0 12.9
MackenzieRoad 2014 1.0 1.0 17.2 218.0 311.0 147.5 0.3 0.5 0.8 100.0 7.5 2.3 0.2 1.8
LaneRoad 2014 1.0 1.5 14.2 279.8 323.3 198.0 25.0 3.0 1.5 65.0 8.2 1.1 0.0 2.5
GavinLane 2014 1.5 2.5 17.2 280.0 335.0 165.0 25.0 0.5 1.0 20.0 3.2 0.1 0.2 3.3
OSUgolfcourse 2014 2.5 1.5 12.9 415.5 601.0 299.5 72.5 0.8 0.75 240.0 7.2 0.1 0.1 30.0
ReedRoad 2014 2.0 1.0 15.7 910.6 1285.0 636.6 141.6 1.8 2.6 240.0 8.0 2.4 0.2 58.3
SmithPark 2014 2.3 1.0 18.5 107.4 152.1 256.7 275.0 0.4 2.8 185.0 7.8 1.5 0.0 3.8
m
